fourth order Birch-Murnaghan EOS
66.483504 -12.677848 
66.494120 -12.678741 
66.504736 -12.679632 
66.515351 -12.680521 
66.525967 -12.681407 
66.536583 -12.682292 
66.547199 -12.683174 
66.557815 -12.684054 
66.568430 -12.684931 
66.579046 -12.685807 
66.589662 -12.686680 
66.600278 -12.687551 
66.610893 -12.688420 
66.621509 -12.689286 
66.632125 -12.690151 
66.642741 -12.691013 
66.653356 -12.691873 
66.663972 -12.692731 
66.674588 -12.693587 
66.685204 -12.694440 
66.695820 -12.695291 
66.706435 -12.696140 
66.717051 -12.696987 
66.727667 -12.697832 
66.738283 -12.698674 
66.748898 -12.699515 
66.759514 -12.700353 
66.770130 -12.701189 
66.780746 -12.702023 
66.791361 -12.702854 
66.801977 -12.703684 
66.812593 -12.704511 
66.823209 -12.705336 
66.833824 -12.706159 
66.844440 -12.706980 
66.855056 -12.707798 
66.865672 -12.708615 
66.876288 -12.709429 
66.886903 -12.710241 
66.897519 -12.711051 
66.908135 -12.711859 
66.918751 -12.712665 
66.929366 -12.713468 
66.939982 -12.714270 
66.950598 -12.715069 
66.961214 -12.715866 
66.971829 -12.716661 
66.982445 -12.717454 
66.993061 -12.718245 
67.003677 -12.719033 
67.014293 -12.719820 
67.024908 -12.720604 
67.035524 -12.721386 
67.046140 -12.722166 
67.056756 -12.722944 
67.067371 -12.723720 
67.077987 -12.724494 
67.088603 -12.725265 
67.099219 -12.726035 
67.109834 -12.726802 
67.120450 -12.727567 
67.131066 -12.728331 
67.141682 -12.729092 
67.152298 -12.729850 
67.162913 -12.730607 
67.173529 -12.731362 
67.184145 -12.732115 
67.194761 -12.732865 
67.205376 -12.733613 
67.215992 -12.734360 
67.226608 -12.735104 
67.237224 -12.735846 
67.247839 -12.736586 
67.258455 -12.737324 
67.269071 -12.738060 
67.279687 -12.738794 
67.290303 -12.739525 
67.300918 -12.740255 
67.311534 -12.740982 
67.322150 -12.741708 
67.332766 -12.742431 
67.343381 -12.743153 
67.353997 -12.743872 
67.364613 -12.744589 
67.375229 -12.745304 
67.385844 -12.746017 
67.396460 -12.746728 
67.407076 -12.747437 
67.417692 -12.748144 
67.428307 -12.748849 
67.438923 -12.749551 
67.449539 -12.750252 
67.460155 -12.750951 
67.470771 -12.751647 
67.481386 -12.752342 
67.492002 -12.753034 
67.502618 -12.753725 
67.513234 -12.754413 
67.523849 -12.755099 
67.534465 -12.755784 
67.545081 -12.756466 
67.555697 -12.757146 
67.566312 -12.757824 
67.576928 -12.758501 
67.587544 -12.759175 
67.598160 -12.759847 
67.608776 -12.760517 
67.619391 -12.761185 
67.630007 -12.761851 
67.640623 -12.762515 
67.651239 -12.763177 
67.661854 -12.763837 
67.672470 -12.764495 
67.683086 -12.765151 
67.693702 -12.765805 
67.704317 -12.766457 
67.714933 -12.767107 
67.725549 -12.767755 
67.736165 -12.768401 
67.746781 -12.769045 
67.757396 -12.769686 
67.768012 -12.770326 
67.778628 -12.770964 
67.789244 -12.771600 
67.799859 -12.772234 
67.810475 -12.772866 
67.821091 -12.773496 
67.831707 -12.774124 
67.842322 -12.774750 
67.852938 -12.775374 
67.863554 -12.775996 
67.874170 -12.776616 
67.884786 -12.777234 
67.895401 -12.777850 
67.906017 -12.778464 
67.916633 -12.779076 
67.927249 -12.779687 
67.937864 -12.780295 
67.948480 -12.780901 
67.959096 -12.781505 
67.969712 -12.782108 
67.980327 -12.782708 
67.990943 -12.783306 
68.001559 -12.783903 
68.012175 -12.784497 
68.022790 -12.785090 
68.033406 -12.785680 
68.044022 -12.786269 
68.054638 -12.786855 
68.065254 -12.787440 
68.075869 -12.788023 
68.086485 -12.788604 
68.097101 -12.789183 
68.107717 -12.789760 
68.118332 -12.790335 
68.128948 -12.790908 
68.139564 -12.791479 
68.150180 -12.792048 
68.160795 -12.792615 
68.171411 -12.793181 
68.182027 -12.793744 
68.192643 -12.794305 
68.203259 -12.794865 
68.213874 -12.795423 
68.224490 -12.795978 
68.235106 -12.796532 
68.245722 -12.797084 
68.256337 -12.797634 
68.266953 -12.798182 
68.277569 -12.798728 
68.288185 -12.799272 
68.298800 -12.799815 
68.309416 -12.800355 
68.320032 -12.800894 
68.330648 -12.801430 
68.341264 -12.801965 
68.351879 -12.802498 
68.362495 -12.803029 
68.373111 -12.803558 
68.383727 -12.804085 
68.394342 -12.804610 
68.404958 -12.805133 
68.415574 -12.805655 
68.426190 -12.806174 
68.436805 -12.806692 
68.447421 -12.807208 
68.458037 -12.807722 
68.468653 -12.808234 
68.479268 -12.808744 
68.489884 -12.809252 
68.500500 -12.809759 
68.511116 -12.810263 
68.521732 -12.810766 
68.532347 -12.811267 
68.542963 -12.811766 
68.553579 -12.812263 
68.564195 -12.812758 
68.574810 -12.813251 
68.585426 -12.813743 
68.596042 -12.814232 
68.606658 -12.814720 
68.617273 -12.815206 
68.627889 -12.815690 
68.638505 -12.816172 
68.649121 -12.816653 
68.659737 -12.817131 
68.670352 -12.817608 
68.680968 -12.818082 
68.691584 -12.818555 
68.702200 -12.819027 
68.712815 -12.819496 
68.723431 -12.819963 
68.734047 -12.820429 
68.744663 -12.820893 
68.755278 -12.821355 
68.765894 -12.821815 
68.776510 -12.822273 
68.787126 -12.822730 
68.797742 -12.823184 
68.808357 -12.823637 
68.818973 -12.824088 
68.829589 -12.824537 
68.840205 -12.824984 
68.850820 -12.825430 
68.861436 -12.825874 
68.872052 -12.826316 
68.882668 -12.826756 
68.893283 -12.827194 
68.903899 -12.827631 
68.914515 -12.828065 
68.925131 -12.828498 
68.935747 -12.828929 
68.946362 -12.829358 
68.956978 -12.829786 
68.967594 -12.830211 
68.978210 -12.830635 
68.988825 -12.831057 
68.999441 -12.831478 
69.010057 -12.831896 
69.020673 -12.832313 
69.031288 -12.832728 
69.041904 -12.833141 
69.052520 -12.833552 
69.063136 -12.833962 
69.073751 -12.834370 
69.084367 -12.834776 
69.094983 -12.835180 
69.105599 -12.835582 
69.116215 -12.835983 
69.126830 -12.836382 
69.137446 -12.836779 
69.148062 -12.837174 
69.158678 -12.837568 
69.169293 -12.837960 
69.179909 -12.838350 
69.190525 -12.838738 
69.201141 -12.839125 
69.211756 -12.839509 
69.222372 -12.839892 
69.232988 -12.840274 
69.243604 -12.840653 
69.254220 -12.841031 
69.264835 -12.841407 
69.275451 -12.841781 
69.286067 -12.842154 
69.296683 -12.842524 
69.307298 -12.842893 
69.317914 -12.843261 
69.328530 -12.843626 
69.339146 -12.843990 
69.349761 -12.844352 
69.360377 -12.844712 
69.370993 -12.845071 
69.381609 -12.845428 
69.392225 -12.845783 
69.402840 -12.846136 
69.413456 -12.846488 
69.424072 -12.846838 
69.434688 -12.847186 
69.445303 -12.847533 
69.455919 -12.847878 
69.466535 -12.848221 
69.477151 -12.848562 
69.487766 -12.848902 
69.498382 -12.849239 
69.508998 -12.849576 
69.519614 -12.849910 
69.530230 -12.850243 
69.540845 -12.850574 
69.551461 -12.850903 
69.562077 -12.851231 
69.572693 -12.851557 
69.583308 -12.851881 
69.593924 -12.852204 
69.604540 -12.852525 
69.615156 -12.852844 
69.625771 -12.853161 
69.636387 -12.853477 
69.647003 -12.853791 
69.657619 -12.854104 
69.668234 -12.854414 
69.678850 -12.854723 
69.689466 -12.855031 
69.700082 -12.855336 
69.710698 -12.855640 
69.721313 -12.855943 
69.731929 -12.856243 
69.742545 -12.856542 
69.753161 -12.856839 
69.763776 -12.857135 
69.774392 -12.857429 
69.785008 -12.857721 
69.795624 -12.858012 
69.806239 -12.858301 
69.816855 -12.858588 
69.827471 -12.858873 
69.838087 -12.859157 
69.848703 -12.859440 
69.859318 -12.859720 
69.869934 -12.859999 
69.880550 -12.860276 
69.891166 -12.860552 
69.901781 -12.860826 
69.912397 -12.861098 
69.923013 -12.861369 
69.933629 -12.861638 
69.944244 -12.861906 
69.954860 -12.862171 
69.965476 -12.862435 
69.976092 -12.862698 
69.986708 -12.862959 
69.997323 -12.863218 
70.007939 -12.863475 
70.018555 -12.863731 
70.029171 -12.863986 
70.039786 -12.864238 
70.050402 -12.864489 
70.061018 -12.864739 
70.071634 -12.864986 
70.082249 -12.865233 
70.092865 -12.865477 
70.103481 -12.865720 
70.114097 -12.865961 
70.124713 -12.866201 
70.135328 -12.866439 
70.145944 -12.866675 
70.156560 -12.866910 
70.167176 -12.867143 
70.177791 -12.867375 
70.188407 -12.867605 
70.199023 -12.867833 
70.209639 -12.868060 
70.220254 -12.868285 
70.230870 -12.868509 
70.241486 -12.868731 
70.252102 -12.868951 
70.262717 -12.869170 
70.273333 -12.869387 
70.283949 -12.869603 
70.294565 -12.869817 
70.305181 -12.870029 
70.315796 -12.870240 
70.326412 -12.870449 
70.337028 -12.870657 
70.347644 -12.870863 
70.358259 -12.871067 
70.368875 -12.871270 
70.379491 -12.871471 
70.390107 -12.871671 
70.400722 -12.871869 
70.411338 -12.872066 
70.421954 -12.872261 
70.432570 -12.872454 
70.443186 -12.872646 
70.453801 -12.872836 
70.464417 -12.873025 
70.475033 -12.873212 
70.485649 -12.873397 
70.496264 -12.873581 
70.506880 -12.873764 
70.517496 -12.873945 
70.528112 -12.874124 
70.538727 -12.874302 
70.549343 -12.874478 
70.559959 -12.874653 
70.570575 -12.874826 
70.581191 -12.874997 
70.591806 -12.875167 
70.602422 -12.875336 
70.613038 -12.875503 
70.623654 -12.875668 
70.634269 -12.875832 
70.644885 -12.875994 
70.655501 -12.876155 
70.666117 -12.876314 
70.676732 -12.876472 
70.687348 -12.876628 
70.697964 -12.876782 
70.708580 -12.876935 
70.719195 -12.877087 
70.729811 -12.877237 
70.740427 -12.877385 
70.751043 -12.877532 
70.761659 -12.877678 
70.772274 -12.877821 
70.782890 -12.877964 
70.793506 -12.878105 
70.804122 -12.878244 
70.814737 -12.878382 
70.825353 -12.878518 
70.835969 -12.878653 
70.846585 -12.878786 
70.857200 -12.878918 
70.867816 -12.879048 
70.878432 -12.879177 
70.889048 -12.879304 
70.899664 -12.879430 
70.910279 -12.879554 
70.920895 -12.879676 
70.931511 -12.879798 
70.942127 -12.879917 
70.952742 -12.880036 
70.963358 -12.880152 
70.973974 -12.880267 
70.984590 -12.880381 
70.995205 -12.880493 
71.005821 -12.880604 
71.016437 -12.880713 
71.027053 -12.880821 
71.037669 -12.880927 
71.048284 -12.881032 
71.058900 -12.881135 
71.069516 -12.881237 
71.080132 -12.881338 
71.090747 -12.881436 
71.101363 -12.881534 
71.111979 -12.881630 
71.122595 -12.881724 
71.133210 -12.881817 
71.143826 -12.881909 
71.154442 -12.881999 
71.165058 -12.882087 
71.175674 -12.882174 
71.186289 -12.882260 
71.196905 -12.882344 
71.207521 -12.882427 
71.218137 -12.882508 
71.228752 -12.882588 
71.239368 -12.882666 
71.249984 -12.882743 
71.260600 -12.882818 
71.271215 -12.882892 
71.281831 -12.882965 
71.292447 -12.883036 
71.303063 -12.883105 
71.313678 -12.883173 
71.324294 -12.883240 
71.334910 -12.883305 
71.345526 -12.883369 
71.356142 -12.883431 
71.366757 -12.883492 
71.377373 -12.883552 
71.387989 -12.883610 
71.398605 -12.883666 
71.409220 -12.883722 
71.419836 -12.883775 
71.430452 -12.883828 
71.441068 -12.883879 
71.451683 -12.883928 
71.462299 -12.883976 
71.472915 -12.884023 
71.483531 -12.884068 
71.494147 -12.884111 
71.504762 -12.884154 
71.515378 -12.884195 
71.525994 -12.884234 
71.536610 -12.884272 
71.547225 -12.884309 
71.557841 -12.884344 
71.568457 -12.884378 
71.579073 -12.884410 
71.589688 -12.884441 
71.600304 -12.884471 
71.610920 -12.884499 
71.621536 -12.884526 
71.632152 -12.884551 
71.642767 -12.884575 
71.653383 -12.884598 
71.663999 -12.884619 
71.674615 -12.884639 
71.685230 -12.884657 
71.695846 -12.884674 
71.706462 -12.884690 
71.717078 -12.884704 
71.727693 -12.884717 
71.738309 -12.884728 
71.748925 -12.884738 
71.759541 -12.884747 
71.770157 -12.884754 
71.780772 -12.884760 
71.791388 -12.884764 
71.802004 -12.884767 
71.812620 -12.884769 
71.823235 -12.884770 
71.833851 -12.884769 
71.844467 -12.884766 
71.855083 -12.884762 
71.865698 -12.884757 
71.876314 -12.884751 
71.886930 -12.884743 
71.897546 -12.884733 
71.908161 -12.884723 
71.918777 -12.884711 
71.929393 -12.884697 
71.940009 -12.884683 
71.950625 -12.884667 
71.961240 -12.884649 
71.971856 -12.884630 
71.982472 -12.884610 
71.993088 -12.884589 
72.003703 -12.884566 
72.014319 -12.884541 
72.024935 -12.884516 
72.035551 -12.884489 
72.046166 -12.884461 
72.056782 -12.884431 
72.067398 -12.884400 
72.078014 -12.884368 
72.088630 -12.884334 
72.099245 -12.884299 
72.109861 -12.884263 
72.120477 -12.884225 
72.131093 -12.884186 
72.141708 -12.884146 
72.152324 -12.884104 
72.162940 -12.884061 
72.173556 -12.884016 
72.184171 -12.883971 
72.194787 -12.883924 
72.205403 -12.883875 
72.216019 -12.883826 
72.226635 -12.883775 
72.237250 -12.883722 
72.247866 -12.883669 
72.258482 -12.883614 
72.269098 -12.883557 
72.279713 -12.883500 
72.290329 -12.883441 
72.300945 -12.883381 
72.311561 -12.883319 
72.322176 -12.883256 
72.332792 -12.883192 
72.343408 -12.883126 
72.354024 -12.883060 
72.364640 -12.882991 
72.375255 -12.882922 
72.385871 -12.882851 
72.396487 -12.882779 
72.407103 -12.882706 
72.417718 -12.882631 
72.428334 -12.882555 
72.438950 -12.882478 
72.449566 -12.882400 
72.460181 -12.882320 
72.470797 -12.882239 
72.481413 -12.882156 
72.492029 -12.882072 
72.502644 -12.881987 
72.513260 -12.881901 
72.523876 -12.881814 
72.534492 -12.881725 
72.545108 -12.881635 
72.555723 -12.881543 
72.566339 -12.881450 
72.576955 -12.881356 
72.587571 -12.881261 
72.598186 -12.881165 
72.608802 -12.881067 
72.619418 -12.880968 
72.630034 -12.880867 
72.640649 -12.880766 
72.651265 -12.880663 
72.661881 -12.880559 
72.672497 -12.880453 
72.683113 -12.880346 
72.693728 -12.880238 
72.704344 -12.880129 
72.714960 -12.880019 
72.725576 -12.879907 
72.736191 -12.879794 
72.746807 -12.879680 
72.757423 -12.879564 
72.768039 -12.879447 
72.778654 -12.879329 
72.789270 -12.879210 
72.799886 -12.879089 
72.810502 -12.878967 
72.821118 -12.878844 
72.831733 -12.878720 
72.842349 -12.878594 
72.852965 -12.878468 
72.863581 -12.878339 
72.874196 -12.878210 
72.884812 -12.878080 
72.895428 -12.877948 
72.906044 -12.877815 
72.916659 -12.877681 
72.927275 -12.877545 
72.937891 -12.877408 
72.948507 -12.877270 
72.959123 -12.877131 
72.969738 -12.876991 
72.980354 -12.876849 
72.990970 -12.876706 
73.001586 -12.876562 
73.012201 -12.876417 
73.022817 -12.876270 
73.033433 -12.876122 
73.044049 -12.875973 
73.054664 -12.875823 
73.065280 -12.875671 
73.075896 -12.875519 
73.086512 -12.875365 
73.097127 -12.875210 
73.107743 -12.875053 
73.118359 -12.874896 
73.128975 -12.874737 
73.139591 -12.874577 
73.150206 -12.874416 
73.160822 -12.874254 
73.171438 -12.874090 
73.182054 -12.873925 
73.192669 -12.873759 
73.203285 -12.873592 
73.213901 -12.873424 
73.224517 -12.873254 
73.235132 -12.873083 
73.245748 -12.872911 
73.256364 -12.872738 
73.266980 -12.872564 
73.277596 -12.872388 
73.288211 -12.872211 
73.298827 -12.872033 
73.309443 -12.871854 
73.320059 -12.871674 
73.330674 -12.871492 
73.341290 -12.871309 
73.351906 -12.871126 
73.362522 -12.870940 
73.373137 -12.870754 
73.383753 -12.870567 
73.394369 -12.870378 
73.404985 -12.870188 
73.415601 -12.869997 
73.426216 -12.869805 
73.436832 -12.869612 
73.447448 -12.869417 
73.458064 -12.869222 
73.468679 -12.869025 
73.479295 -12.868827 
73.489911 -12.868627 
73.500527 -12.868427 
73.511142 -12.868226 
73.521758 -12.868023 
73.532374 -12.867819 
73.542990 -12.867614 
73.553605 -12.867408 
73.564221 -12.867200 
73.574837 -12.866992 
73.585453 -12.866782 
73.596069 -12.866572 
73.606684 -12.866360 
73.617300 -12.866146 
73.627916 -12.865932 
73.638532 -12.865717 
73.649147 -12.865500 
73.659763 -12.865282 
73.670379 -12.865064 
73.680995 -12.864844 
73.691610 -12.864622 
73.702226 -12.864400 
73.712842 -12.864177 
73.723458 -12.863952 
73.734074 -12.863726 
73.744689 -12.863499 
73.755305 -12.863271 
73.765921 -12.863042 
73.776537 -12.862812 
73.787152 -12.862581 
73.797768 -12.862348 
73.808384 -12.862114 
73.819000 -12.861880 
73.829615 -12.861644 
73.840231 -12.861407 
73.850847 -12.861169 
73.861463 -12.860929 
73.872079 -12.860689 
73.882694 -12.860447 
73.893310 -12.860205 
73.903926 -12.859961 
73.914542 -12.859716 
73.925157 -12.859470 
73.935773 -12.859223 
73.946389 -12.858974 
73.957005 -12.858725 
73.967620 -12.858475 
73.978236 -12.858223 
73.988852 -12.857970 
73.999468 -12.857716 
74.010084 -12.857462 
74.020699 -12.857206 
74.031315 -12.856948 
74.041931 -12.856690 
74.052547 -12.856431 
74.063162 -12.856170 
74.073778 -12.855909 
74.084394 -12.855646 
74.095010 -12.855383 
74.105625 -12.855118 
74.116241 -12.854852 
74.126857 -12.854585 
74.137473 -12.854317 
74.148088 -12.854047 
74.158704 -12.853777 
74.169320 -12.853506 
74.179936 -12.853233 
74.190552 -12.852960 
74.201167 -12.852685 
74.211783 -12.852409 
74.222399 -12.852132 
74.233015 -12.851855 
74.243630 -12.851576 
74.254246 -12.851296 
74.264862 -12.851014 
74.275478 -12.850732 
74.286093 -12.850449 
74.296709 -12.850165 
74.307325 -12.849879 
74.317941 -12.849593 
74.328557 -12.849305 
74.339172 -12.849016 
74.349788 -12.848727 
74.360404 -12.848436 
74.371020 -12.848144 
74.381635 -12.847851 
74.392251 -12.847557 
74.402867 -12.847262 
74.413483 -12.846966 
74.424098 -12.846669 
74.434714 -12.846371 
74.445330 -12.846071 
74.455946 -12.845771 
74.466562 -12.845470 
74.477177 -12.845167 
74.487793 -12.844864 
74.498409 -12.844559 
74.509025 -12.844253 
74.519640 -12.843947 
74.530256 -12.843639 
74.540872 -12.843330 
74.551488 -12.843020 
74.562103 -12.842710 
74.572719 -12.842398 
74.583335 -12.842085 
74.593951 -12.841771 
74.604567 -12.841456 
74.615182 -12.841140 
74.625798 -12.840823 
74.636414 -12.840504 
74.647030 -12.840185 
74.657645 -12.839865 
74.668261 -12.839544 
74.678877 -12.839222 
74.689493 -12.838898 
74.700108 -12.838574 
74.710724 -12.838249 
74.721340 -12.837922 
74.731956 -12.837595 
74.742571 -12.837266 
74.753187 -12.836937 
74.763803 -12.836606 
74.774419 -12.836275 
74.785035 -12.835942 
74.795650 -12.835609 
74.806266 -12.835274 
74.816882 -12.834939 
74.827498 -12.834602 
74.838113 -12.834264 
74.848729 -12.833926 
74.859345 -12.833586 
74.869961 -12.833245 
74.880576 -12.832904 
74.891192 -12.832561 
74.901808 -12.832217 
74.912424 -12.831873 
74.923040 -12.831527 
74.933655 -12.831180 
74.944271 -12.830833 
74.954887 -12.830484 
74.965503 -12.830134 
74.976118 -12.829784 
74.986734 -12.829432 
74.997350 -12.829079 
75.007966 -12.828725 
75.018581 -12.828371 
75.029197 -12.828015 
75.039813 -12.827658 
75.050429 -12.827301 
75.061045 -12.826942 
75.071660 -12.826582 
75.082276 -12.826222 
75.092892 -12.825860 
75.103508 -12.825497 
75.114123 -12.825134 
75.124739 -12.824769 
75.135355 -12.824404 
75.145971 -12.824037 
75.156586 -12.823670 
75.167202 -12.823301 
75.177818 -12.822932 
75.188434 -12.822561 
75.199050 -12.822190 
75.209665 -12.821817 
75.220281 -12.821444 
75.230897 -12.821069 
75.241513 -12.820694 
75.252128 -12.820318 
75.262744 -12.819941 
75.273360 -12.819562 
75.283976 -12.819183 
75.294591 -12.818803 
75.305207 -12.818422 
75.315823 -12.818040 
75.326439 -12.817657 
75.337054 -12.817273 
75.347670 -12.816888 
75.358286 -12.816502 
75.368902 -12.816115 
75.379518 -12.815727 
75.390133 -12.815338 
75.400749 -12.814948 
75.411365 -12.814557 
75.421981 -12.814166 
75.432596 -12.813773 
75.443212 -12.813379 
75.453828 -12.812985 
75.464444 -12.812589 
75.475059 -12.812193 
75.485675 -12.811796 
75.496291 -12.811397 
75.506907 -12.810998 
75.517523 -12.810598 
75.528138 -12.810197 
75.538754 -12.809795 
75.549370 -12.809391 
75.559986 -12.808987 
75.570601 -12.808583 
75.581217 -12.808177 
75.591833 -12.807770 
75.602449 -12.807362 
75.613064 -12.806954 
75.623680 -12.806544 
75.634296 -12.806133 
75.644912 -12.805722 
75.655528 -12.805310 
75.666143 -12.804896 
75.676759 -12.804482 
75.687375 -12.804067 
75.697991 -12.803651 
75.708606 -12.803234 
75.719222 -12.802816 
75.729838 -12.802397 
75.740454 -12.801977 
75.751069 -12.801557 
75.761685 -12.801135 
75.772301 -12.800712 
75.782917 -12.800289 
75.793532 -12.799865 
75.804148 -12.799439 
75.814764 -12.799013 
75.825380 -12.798586 
75.835996 -12.798158 
75.846611 -12.797729 
75.857227 -12.797299 
75.867843 -12.796869 
75.878459 -12.796437 
75.889074 -12.796004 
75.899690 -12.795571 
75.910306 -12.795137 
75.920922 -12.794701 
75.931537 -12.794265 
75.942153 -12.793828 
75.952769 -12.793390 
75.963385 -12.792951 
75.974001 -12.792512 
75.984616 -12.792071 
75.995232 -12.791630 
76.005848 -12.791187 
76.016464 -12.790744 
76.027079 -12.790300 
76.037695 -12.789854 
76.048311 -12.789409 
76.058927 -12.788962 
76.069542 -12.788514 
76.080158 -12.788065 
76.090774 -12.787616 
76.101390 -12.787165 
76.112006 -12.786714 
76.122621 -12.786262 
76.133237 -12.785809 
76.143853 -12.785355 
76.154469 -12.784900 
76.165084 -12.784444 
76.175700 -12.783988 
76.186316 -12.783530 
76.196932 -12.783072 
76.207547 -12.782613 
76.218163 -12.782153 
76.228779 -12.781692 
76.239395 -12.781230 
76.250011 -12.780767 
76.260626 -12.780304 
76.271242 -12.779839 
76.281858 -12.779374 
76.292474 -12.778908 
76.303089 -12.778441 
76.313705 -12.777973 
76.324321 -12.777504 
76.334937 -12.777035 
76.345552 -12.776564 
76.356168 -12.776093 
76.366784 -12.775621 
76.377400 -12.775148 
76.388015 -12.774674 
76.398631 -12.774199 
76.409247 -12.773723 
76.419863 -12.773247 
76.430479 -12.772770 
76.441094 -12.772292 
76.451710 -12.771813 
76.462326 -12.771333 
76.472942 -12.770852 
76.483557 -12.770370 
76.494173 -12.769888 
76.504789 -12.769405 
76.515405 -12.768921 
76.526020 -12.768436 
76.536636 -12.767950 
76.547252 -12.767464 
76.557868 -12.766976 
76.568484 -12.766488 
76.579099 -12.765999 
76.589715 -12.765509 
76.600331 -12.765018 
76.610947 -12.764526 
76.621562 -12.764034 
76.632178 -12.763541 
76.642794 -12.763047 
76.653410 -12.762552 
76.664025 -12.762056 
76.674641 -12.761559 
76.685257 -12.761062 
76.695873 -12.760564 
76.706489 -12.760064 
76.717104 -12.759565 
76.727720 -12.759064 
76.738336 -12.758562 
76.748952 -12.758060 
76.759567 -12.757557 
76.770183 -12.757053 
76.780799 -12.756548 
76.791415 -12.756042 
76.802030 -12.755536 
76.812646 -12.755029 
76.823262 -12.754520 
76.833878 -12.754012 
76.844494 -12.753502 
76.855109 -12.752991 
76.865725 -12.752480 
76.876341 -12.751968 
76.886957 -12.751455 
76.897572 -12.750941 
76.908188 -12.750427 
76.918804 -12.749911 
76.929420 -12.749395 
76.940035 -12.748878 
76.950651 -12.748360 
76.961267 -12.747842 
76.971883 -12.747322 
76.982498 -12.746802 
76.993114 -12.746281 
77.003730 -12.745759 
77.014346 -12.745237 
77.024962 -12.744713 
77.035577 -12.744189 
77.046193 -12.743664 
77.056809 -12.743139 
77.067425 -12.742612 
77.078040 -12.742085 
77.088656 -12.741557 
